44.637
68.937
101.159
241.539
324.250
717.088
1114.051
2615.524
3553.318
4065.993
4501.772
4950.679
4739.898
6112.734
14564.261
15081.617
14152.025
13167.957
13627.746
13270.989
11555.011
28132.212
36658.942
79142.453
82263.454
129620.233
122906.561
279985.036
366372.208
390610.748
393906.325
968031.197
1367544.142
3025446.401
4311395.122
4695609.824
4774012.789
6698976.601
17097941.577
15404876.228
32052347.607
31829337.305
31131183.828
28365855.838
29397304.309
28732428.866
58639371.789
91334770.068
82754647.518
186481756.791
237759880.701
508592748.626
1049382895.907
1037266553.024
1477145862.762
3479921940.360
5288207529.290
4768051074.256
11376911319.190
15535239109.699
34028334945.258
30739023476.494
68608486120.760
64569147514.664
64894424528.914
85910158117.791
207519394830.352
282383235071.202
662947194883.979
589769159299.989
597470576694.969
590860891171.329
546649162185.553
590468628431.729
559475902836.312
599227184664.291
663589053411.470
1048049707582.417
1024683746937.413
2168967239951.999
2883034926638.808
6752013775491.806
6664216022170.576
9439681101448.420
9211734042833.195
9107678851244.301
10050452971701.229
11437808018329.891
11553842407360.805
17940942467171.762
17898515806510.484
18647867785842.734
20995687635708.926
44162351298725.047
68642364223085.320
100719044853350.781
245412120802853.969
327600611847240.250
819319962407310.625
802077197346544.125
751000619267285.000
412919624242143.188
249017459319030.906
194635973997411.219
117845318150953.812
71505123783982.484
41272185376534.969
22664904823963.430
12361059210190.252
12637146676896.141
11809165252262.672
13024301532218.145
20056748080096.395
24092444678781.613
19085108315548.277
17791231191087.168
37972710260949.453
79821289548447.953
76061386239137.875
73419755664154.891
77506047978917.547
54338031340292.031
30975210131579.672
44907301579128.719
70516622041281.641
40349041378562.820
59985171680644.992
37926229550298.594
22673393207059.945
20692207330312.312
20432236827197.645
12501164880123.311
7319878618253.804
4064988041898.530
2866429836124.828
6891892436355.976
6628243419773.767
5250902802442.328
6715907111956.062
9414032204038.191
13558378701961.436
13807784118082.844
17305489694996.203
36923305499511.195
37923045269487.789
55502925161571.141
80367800468673.547
64101560839506.227
66035206505874.531
35556024508175.445
41844551351639.172
33654737596328.465
18522790996688.434
19117576306292.977
23961625659911.266
16134673362940.322
10090992305829.545
11520458095423.242
9079604473577.676
5181886378879.642
7092136156082.737
9745134644334.393
12085581055639.236
12664493398130.266
20038010237892.391
10029333651919.307
5325212999006.874
3194338537870.634
1915306610934.165
2015783953906.625
2831133066348.338
2814094138070.299
3004469319343.754
7215415143848.413
11438664233963.883
17651488244641.633
36698329406818.141
21418777155111.988
20844791740134.273
24285659783126.516
13468022729974.014
10226101862912.461
21391860212549.910
12607332890507.553
12266956872179.156
18761908332947.488
42111676285664.289
62295856925184.258
54584160476399.836
31058642680908.844
34286024448164.188
78127040024561.766
73128936141407.516
63100223066353.578
33385073800034.680
17781119901543.633
11324646694266.299
12856108153665.053
7012248263883.407
7453828592868.543
11029814055723.809
12333487430403.527
16739028500360.203
20298089285472.359
29808839807610.242
73484778555686.766
78307562565730.078
106997135645249.047
224599390867179.469
323598920298599.250
832598744605883.875
1305240417820059.500
726174511955286.375
832639080563995.375
680320161005315.000
1419206440101249.500
783469115027739.625
465452320217391.062
742257304457819.625
1062215198834653.875
1140569428439622.000
1479778089307738.250
2112766675647103.000
2471075049896041.000
1466841371597040.750
2235494928457005.000
1296336944126638.000
1399377312255983.000
1934488328526241.500
4535008563431238.000
5798949555916414.000
15288050955169300.000
14883878405356194.000
19324981569265688.000
10614749470595796.000
12547782803784396.000
28817381187728720.000
19377350503091868.000
12258008331476968.000
15077300059138184.000
12907974482163464.000
12528748262808012.000
15851472077547546.000
8727486066481720.000
12370985721940764.000
6781068596353572.000
8291165324443359.000
7043602394919210.000
10486441870882832.000
26533964727342512.000
15009695935667322.000
7749747819942863.000
11073269419579448.000
11454549805227784.000
7112975500570796.000
3562092553674808.000
8026429496146872.000
7267624120488215.000
3709056702931889.500
3546031538221001.000
2247122264884797.750
1116269421678902.750
574673044048519.500
588920027080256.125
344084091627894.438
315730558759771.625
698926814735271.625
635529919615345.875
559706440476421.250
1512637001596866.250
1041706337732939.000
1050780282053526.250
2611568550742407.000
1326912876930004.000
1500627168890020.500
1068381732886388.375
1349783824607763.250
1215118192297091.000
1247394205362714.000
718444759140388.875
1005830092765593.375
635147923105135.500
402380447882798.312
816114705633817.875
765246053046723.375
603063672540385.125
719175862463009.000
833914320121974.000
794907289713651.375
1129013079556321.500
2540761016734139.500
2163202014935210.500
2148240980896859.250
1346333381255577.000
1453993651488750.250
1325744418070274.750
1981838481305902.750
2695205159703402.500
2424541575705465.000
2466721193248351.500
1507437864854691.000
2254624920216228.500
1116377728847409.000
618119575542931.375
330310815666702.750
414449650548698.188
846180524702907.625
437938811106849.125
310076414338636.062
375607696454276.562
181796417918722.656
260534807687849.188
356206255405389.938
453992756534684.312
236504336620575.750
180942748961729.062
207824836380243.031
320677289733963.812
415850626318397.938
237451671812794.625
231712909260124.531
135588773817730.516
96597886338427.703
136693965712374.906
187975809871955.625
95617322097446.938
253268307388855.406
345215494798771.000
445034277602755.812
261417635877438.844
184095333751217.156
223944206463015.625
227537603084346.406
141899164941278.125
225192863983023.125
172803698158482.469
236212598780622.688
179430757425336.281
182677545980954.062
103659887322741.828
142719233150359.844
226278466464236.125
193708338790132.594
444113691875901.750
354320257887314.688
778697174079287.625
447261420126876.562
374112677344686.875
234099563979140.000
129349051855237.578
121030508722682.578
135490577854736.984
112243640539428.594
258350725622560.219
254568528976876.656
230563844604813.125
119436446106155.609
127661237534668.469
175343606349173.438
189779722785190.062
217559224364384.750
457895854424072.750
464855947095750.062
589985988397262.500
1335769678767253.000
1222236750715448.750
1422783017811237.750
1404615641083033.750
2179463523116702.500
1091395565763509.250
1344821269831395.750
1354718336389053.750
824636623717118.875
814532363364341.875
667888684842296.500
326708632578650.250
438328438040485.500
414850891525202.812
418929654701919.812
645134012607641.875
386648315493528.438
344285396061700.250
789010167953311.500
462186435702302.375
630166159188733.500
305952803738547.625
467502298428900.375
389767532841617.000
812462467407331.875
432578822142108.438
220460466723541.906
250463699073811.469
257819430298123.406
353555582478722.125
827498643321078.750
1192803210720332.500
1456370031304325.500
847808787742236.125
1316057889587066.500
2745051722942154.000
2710142252132871.000
1505161957185309.250
1441059863901605.500
1979892887179190.750
2114156068998126.250
2432704770793077.500
1342245836756989.500
1201701246360722.500
588039232583430.500
705477137689702.750
740731558945114.125
576909724177441.000
357503005769364.312
211462920268319.719
202693743322777.062
109867657594276.750
96419239797992.672
117110605457445.000
69918158799531.508
96149025614650.922
213114417472340.375
201586714341273.469
258537734829295.719
135109679786840.281
78494141157609.359
96899139270341.266
113732862630193.781
57612733655517.789
75255944356155.750
71294980811269.688
39189518747150.039
23066129588970.020
22832094118753.691
30238243965183.562
18710259728072.098
11602664896443.305
13566324984064.648
10606711172311.785
10471005766310.918
21629707951392.129
10556959413132.518
5296526182430.566
3374917759393.804
4086403848634.775
3408895349907.294
4149328183224.838
5031335231496.443
6665113433074.486
6246802231307.793
13208890660582.389
18481070722507.629
19749736108994.156
22802506660381.207
16404996474033.764
39556991388087.094
60019565272658.555
134051377315039.484
191246282955684.125
104743395118256.453
102441646541270.625
99150057253026.750
61667962824622.852
65234863288916.508
39596939239326.586
22086371968167.820
20240552031213.082
10596647278926.605
24927567415875.891
13646187775799.449
13364219668392.867
10275484115767.150
10389184432329.889
11695519724077.750
10416998460003.408
13501206204603.168
17186075652048.016
10009219417912.936
10410541418921.105
10202113769858.031
12507975596627.000
12490646852256.738
11232913074480.430
13202484040911.094
17179328105307.236
23604116884094.789
33479340045566.906
41454886323316.016
34627125207988.441
19234022685131.137
44850092577982.492
70292829060461.125
36307509171109.008
39649506804597.109
24439640305600.281
19376086784056.961
16427189496900.512
23841329861352.684
32695792010390.449
20258713006514.781
12715072881198.699
12273815442358.779
12307542282708.305
18180827828703.766
9751220522945.535
24750167970018.926
16521340886331.869
42468626966804.406
60769780734814.031
142224557248538.844
118090492673848.047
257852463775640.500
129151459854612.312
191603969615252.938
433762897301071.688
663164521131160.250
686759233827718.750
1004710609771856.250
571932065080322.375
1331708321706968.000
777648348194445.750
579090934246096.750
1332366805995340.750
800090390413817.625
1177334417617937.000
1181503520178097.000
572159647405152.750
721638657751680.750
1126057808560715.250
559350459492852.500
1433289996503900.500
1434587244324895.750
1378308006121156.250
1221478663201583.250
1404618643654147.250
1343600651405554.250
1955928525172667.250
2274284475666307.500
1151583995552132.500
2726830694468494.500
2108737070016962.500
3214449662875396.000
8276648627578291.000
10450908797786838.000
6461010307969363.000
8727176367381874.000
4371725445018848.000
3817084524474490.500
2273154986476794.000
4653554230513874.000
4083098074417543.500
3238747470901701.000
3509993830318320.000
4522375249276032.000
2272879740296599.500
1109338261152503.875
1374712599150710.750
782288679272008.250
633795084872387.000
595678884725998.875
1306036062598786.750
1145181012543824.500
1224485936031403.750
1101779596360651.500
1075498758202849.250
1088464844830826.500
1188514400178875.500
1236347792831566.750
607081807381754.625
662381050633783.375
659660974733552.875
342411408804526.125
717915725752432.625
634499378434462.750
1392343219610871.000
1165585267924864.500
1457128373566184.750
1301800668532039.500
1423115568781413.750
2254115173182711.000
1954770047800799.750
4456492018092735.500
6022771494981367.000
3601540183847234.500
2234864597468941.500
2740299756355264.000
1897174027565741.750
2413091194416118.500
1922814867697775.500
4938654839650053.000
2658064016150068.500
1443814886310940.000
2026174692791315.750
1791673082987568.500
4631768827845036.000
2431875533241458.000
1354895425058291.250
786703033657480.375
405861091175957.562
571544626099910.875
1476902799443557.500
2256939640195703.500
3521562167181083.500
4882203257482982.000
6923129930819082.000
3752826452509531.500
4603362728322158.000
3890950173308806.500
4672012054315254.000
3611647482011521.500
1998332702843645.250
1157239131829875.250
2488262418509294.000
1261142678392656.250
713608589465864.500
417531885385201.688
641866052751282.750
310951235786757.125
692090136809067.250
803003653410179.250
1031609797650891.875
1376959438648519.000
1128889751143071.750
2631015015302530.500
2034354666745787.000
4352622196872289.500
5843403792364795.000
7666863626358628.000
4495805670668892.500
6452559378365651.000
8498129458276014.000
8350786439454202.000
12499175025942386.000
10943621962503466.000
16012109576075948.000
19823948945734024.000
26922192871197828.000
15762496843772848.000
14852050637496232.000
7820793006533085.000
6277427474501844.000
3468535742435972.500
4711583302955894.000
2548526365253190.500
3784717416079632.000
2102791967057166.250
2261652914932354.000
1275896263039626.000
1323945175681798.000
670782990375163.125
333196738529824.312
205243875142109.125
186806684926449.031
258614736023124.562
257775258012521.000
235557114294860.188
141378200173048.406
200645251676733.688
98442747107426.109
243423426889629.375
125081218333274.719
134326084754413.797
138967778724283.609
194468072182333.188
220820127184403.125
457836691093564.500
656504926256000.500
637574892467460.375
1405926698967058.500
1355121651034566.500
1381840329494411.750
1366394957526007.500
1037838695339305.875
2664472729477188.500
1346529578211075.750
704253241598155.250
553663298605857.625
1364606753936507.750
1283456396367000.250
1052052279260279.250
1341179039463100.500
772942858173561.875
654914594968842.375
586110691797025.250
1326735306200710.000
728119084784740.000
439976953193598.500
366258357735096.438
463402536011071.875
352254302055151.625
402638934256262.562
602000167883829.875
357487091642747.750
344770788282365.062
419942428329283.875
623823612665439.250
1416810066986055.250
1309023974260519.750
1165735036066971.000
610939752903394.250
324966723917414.812
406091101885402.750
201939423353888.906
123088764657402.422
68334264851345.102
72715937814367.688
41261584744845.469
34789929753536.312
29262036069129.055
38598999624527.703
54291864450010.125
119534485405406.906
101905977190047.000
95191402902704.625
100405949938507.891
95608682113823.594
116144203264453.891
124157543275427.125
62366544959556.195
76260480637734.656
41490881523672.031
30228924481387.422
19471199007829.910
22336933413736.043
11705879578020.076
6864575334169.746
3800076823304.403
2778055829529.233
6855800007547.731
5665159425549.889
3508346360066.670
3137595921730.464
1735472226467.724
3959493692029.119
2375645432534.150
1612081912423.331
1027464514350.591
926712559298.437
2270089350997.927
3268528863867.546
4267101778109.768
6236592007998.894
5004850991684.886
11386036773378.086
5677059425165.021
5640764100965.373
11863794037092.123
24219516959361.340
38597142742845.023
80505106972115.875
102924962562764.062
261138669910885.250
318362057100589.125
191058009395731.562
208552720763697.219
209212116563829.312
187519807516280.250
113671975220427.734
100180477314044.516
63663511841130.320
71017579175256.203
99085530892611.047
97129202102766.844
132250813501714.656
184974009037764.062
116456283849659.016
134029396357378.375
118809005911365.047
99936759810823.688
102140901138058.281
117264390428425.500
240422301943839.594
184878463166398.906
235819068315976.906
343725019027427.062
327172889141039.562
436587036915382.438
260408975786490.312
326904519086789.562
413009170883470.875
206581445669171.125
457408349966318.062
234343391908657.125
256519322405793.125
226020727955916.656
242439361249270.375
356888912435065.750
455554597528241.625
252989239869847.156
125937682031167.969
192616093764844.625
103788022086743.141
103594664215119.484
229960371106492.344
122822931514334.016
73394452536054.984
40691365063331.609
41025966874681.633
37021607477878.578
34009262923048.621
37592818351417.914
44326681540113.078
66055889304542.070
69064970057770.203
105623875882769.547
115519394948617.094
241920190977270.312
138344330105313.531
108508406261752.375
136110226574944.266
72515565925445.953
53174484545042.500
29403440802097.785
80692690008116.547
107253716932926.078
94963371526080.234
144499480119890.719
143223798458109.875
218455171844914.000
119243646385001.844
179599854045790.875
228896217208985.812
239331402145727.719
207410520570422.500
468603512440454.312
654061808131415.125
1370670511304600.250
800296504966127.875
678559901392492.125
836652650806674.250
1123463486012278.500
1069382344480135.500
1119356317450132.000
627285133630779.500
601341255288118.750
331609419243575.375
735470545784211.000
744977178600158.500
416260458713968.688
332342348645791.375
398877253962420.250
249782805578825.750
186100883432083.031
106966283809150.781
248596281307533.719
226939026080426.812
171398364061628.438
96498984859865.984
60900095238962.070
30616176903991.117
42581503717105.750
33477540049016.605
39387042069992.695
36931255053683.125
53588897524211.281
112786642573828.344
107422248021749.688
103923439470131.562
102115205241326.094
98732969031889.156
109999821411078.109
64808519654831.867
68837423920555.023
38389465263174.625
19400174403176.305
42884014735475.078
24827008249821.164
33540687189926.664
19945130539498.000
18442172730785.629
44242770316363.742
35271123904737.625
19748475641285.980
16632816098071.986
22905388624339.078
23996308905553.059
18961501111151.723
18596946799523.910
11568621741573.754
6143047134404.294
13003615164124.160
6549537996688.080
7055038474838.076
6768657709710.365
5717376425489.288
13787247129510.537
9518803211936.453
4983023918105.408
5014010914489.394
5286024984058.644
6116592751274.832
6498071823856.979
6593829672800.451
3261499250051.780
3582304752768.861
3404984111017.778
3235634046089.789
3432541244955.236
7286738081595.483
10043810000271.238
11248655274716.863
9397845604815.340
11427581196085.285
10750638193766.332
12426908236612.561
19620615236880.516
24210795130328.312
36850709280748.547
21325205518358.664
10853058092043.613
11933010837077.637
7032846845168.635
9198504702873.461
13518883793003.775
9847791465749.924
22520543874196.395
13759098157716.180
18147231945099.957
11158448385908.141
10377114641023.002
6031414265732.146
7572952083646.814
12022779106761.621
7057186644715.964
5378156482312.479
3092174869742.867
1599776979768.774
4004582969797.997
2308238732336.870
1252706053618.112
877002559535.543
949373420803.612
882155293075.951
2152314659077.571
3176471317790.868
3047641024227.701
4111336174099.122
6550512383709.718
6800974744490.007
3360022577313.505
1927353996100.789
4200241094803.027
2143305847410.997
3262420761012.898
1575806609951.190
1588639987749.090
1930418194902.524
2946246636678.616
3379976375895.865
3002624506119.814
3841517597718.270
3373769534665.058
2094107976674.611
2335608617824.265
1302537005930.115
662294541070.948
726812900240.380
1027702394066.857
1049295969408.617
1586178250527.536
4263436169755.740
4224637507466.669
4075912461779.714
5135714927678.584
13578915514195.172
6804610527955.294
6999638530872.308
5877948437150.166
13474774573895.508
19628086836152.414
9512108635577.152
5796931885086.858
13424727495147.686
11248702531530.410
8993526915419.561
20593840328671.469
12653320342549.303
18778058138580.457
20827341199687.359
19662023092547.379
11019694046237.971
16952723780804.188
18891569593654.539
17731014805368.816
10435979608631.877
6138370868551.413
3021304499030.574
7698126170495.966
7411202041809.301
10817512535197.266
6719785492210.464
7394510865174.224
9756796595276.828
10041674133300.686
22511781328108.520
24551052047449.914
22916803970248.434
20401366706359.098
9931776522355.289
5444644000418.202
5588897158449.504
7396084459708.144
5450851003105.862
5433042948386.909
7072492714683.941
5271922483120.265
7687823614895.286
6528387437059.333
6333235203635.139
13329719791321.289
20029039757532.531
43769095100162.523
21833325914375.406
17925636390432.777
24400371060935.555
20933602542554.832
31653487120663.023
18117090353783.855
16653823202603.824
40635470039807.797
62824050373730.430
53351766467752.898
63844686812574.891
55412108657556.797
71238986114876.469
72798582361913.406
79352857090413.453
44741730654016.219
40459164529158.820
37667518901597.516
32571991469041.277
32899208116612.023
77083203685191.422
42335469052876.148
21274247201242.594
22700919348209.125
13201797387402.572
6568863104637.203
6795287281287.621
9848748203876.471
11174920534197.283
6654540500604.095
9615429467900.580
5252682193449.536
12721016650367.645
12978320586059.908
7061130441056.818
5650836681070.080
13768775778152.934
12915940790322.656
10145126380056.336
5879842213840.873
5591831123793.813
12659759174809.922
19635892120264.836
17284138349577.072
41639489827127.648
24482441673695.660
24578414066963.336
20242065357824.719
11889888437487.549
17963185122699.434
18488778051367.359
11374880106484.396
5651925318096.680
5738604459683.331
12502712626153.271
10073386616688.877
11764944074964.141
9533520202890.207
10561786209680.309
10503530659952.395
5835837239896.245
2889155457746.942
4229006318574.497
2893591850403.500
7699344946604.142
4210024360903.646
4003199668924.169
5390116813314.144
12596164603438.270
6919396171966.567
10742036077273.277
23794532777165.105
24168979532205.633
22940376795583.852
30512305858202.477
16295610292255.986
43219468518279.727
21984689876064.328
34722593842642.656
31565051752809.719
36549332996528.930
77500712953621.312
65388068679787.711
68635790102402.383
71249989371138.922
100861719559998.125
252283381124136.531
244927365902190.656
331643294851577.625
468921617972087.062
237652721120687.719
243297134716956.781
141467981552409.656
102292329600334.016
122447731423687.688
73665536195934.047
67212790489079.914
33501634324284.086
21022300829118.871
17306955086752.850
19957867867342.160
10717372627125.539
13396884451099.363
7660583998162.099
5710721395683.822
11834875368343.355
10819970950612.428
5946774682138.325
6961957561239.005
5700507401099.791
3342088712338.271
3407519222153.765
3982187400927.219
4036381490695.118
5297753008345.438
11042464123381.223
12369263637847.625
12982374476732.828
7535357248916.591
9070892098571.281
5278589306332.922
12042112373075.143
11237235113243.410
10190427693258.721
9901823893423.555
9949538923099.488
10116669304801.441
11872306960033.330
13103433269686.447
13535291575731.039
6691075138721.788
6362892687733.667
7234278823623.931
9941754060481.236
24952749567559.465
13011063271646.182
6972427110191.315
7250284768616.243
5315401398304.065
5656470748362.271
5677832061839.860
3122558041323.920
4188405739103.653
5748296851155.770
7309127674694.959
7647880682745.366
9368324824207.553
13721246859892.074
12364822246450.346
9189232484356.477
9160717904193.160
9543364736592.920
24767175093151.855
39728419532526.062
22089786599156.023
17097974778284.688
22625379857335.895
19253681028992.281
21031071182181.754
22523370579395.023
21475687925080.594
23128473039138.414
12219995172567.850
7563627616127.567
6009395926032.653
6077493949813.793
9358916359287.062
11431396675534.770
5586050924796.483
6071220887972.754
3387366156920.506
2769188569718.038
6683349317577.156
10518677883829.590
13650395815453.184
16600560843972.283
19652088213389.898
17231308109932.275
10090583931564.334
22645342774448.602
12815600005906.145
10132738999905.475
12929702694050.494
16139898935559.662
16315270348683.537
23125467447332.566
13652575158677.572
18757981211535.152
24844872709809.859
17136998595351.570
17055627181026.969
16493992250140.828
38706416578056.492
20974260108675.211
11914535147484.246
13198983095363.797
13357536941614.482
12400752735318.904
12765378815987.508
10956808210570.715
16208146081982.229
37024257729600.508
22704915998716.918
20497634848424.062
11568655839213.260
9454920535068.316
24504192028362.047
38072065537498.367
31791605557781.707
19298878911609.191
19889316692666.891
20171623070254.453
22866627037774.301
23085691693772.797
11363243246351.111
6672371126845.130
6762137865485.015
6962393158876.124
9615676092593.668
5346532504928.038
12847076294760.346
8964711186737.586
9949940338778.793
10848728005489.436
10073011911324.537
10360699978392.875
10460398779634.707
12188233972729.600
11098725690206.428
11577916934207.039
11768565872165.176
12450827032111.236
10937618919598.775
6251728444097.652
3468816342300.089
3013841625554.302
2888909354652.690
6919294703277.271
5205818177746.872
5681487453688.243
5699967906842.672
5719472501424.974
2938803639411.281
4036406650813.269
2249208242436.455
2250602088536.444
1692005091283.640
2142506016422.782
3252737216963.639
1595827195638.848
3716841402208.130
7669440819537.747
6761412119326.097
5897546554554.672
5334833790664.023
3381822848360.187
1857475454755.119
1043413016368.372
935152957139.012
1041543242258.066
1047754386186.920
2290609383155.427
3162475397476.352
2921530352151.104
1809856603358.654
3771381425255.395
4250249195574.549
3558824146890.565
5224230145394.522
11434330117541.379
11120882942216.523
6753770058555.529
5001244401422.591
6530264407447.728
5569061770123.200
3252469030798.571
4180315611292.741
3902456804879.547
3787812415293.577
2046823785450.918
2207352800108.758
1909215005260.606
2189132806832.648
1278456902092.135
1700827431635.029
1018018114967.418
1070117211411.124
1233712279512.922
1057133437296.878
573416477387.536
874658346398.186
1889066275399.968
2195039673943.015
3009859401140.708
6548067020088.087
6244984584945.709
13322503646084.525
13706493742163.221
16565690157023.637
10380966771951.652
5549243587213.372
6536950139498.326
9314510447850.873
23236022967488.320
35517115424926.430
19114616560647.695
11951634477850.746
6395660365098.500
7513904175403.623
10000253431988.893
21602786005971.305
21283598235792.590
10403654697640.510
11823929624150.967
17197453275114.484
38735181845103.055
52354060724014.391
59433415704673.375
71674025320835.281
77094605526295.734
54944011752261.562
76836387556213.969
80680118089725.250
77146913036864.672
99597716746110.781
240436020290782.750
223892158222197.281
260619692457496.844
321786198012152.625
785480093980074.750
827295915791626.500
1316432314744147.500
1502587549926391.500
1840739853802189.250
4815988893711164.000
5976240765347776.000
6538425535755631.000
8065890747652456.000
4607433795037394.000
4840780742553417.000
6553258473105145.000
13978162569873276.000
13397393412787480.000
10414405363470404.000
10816159558903946.000
25590608425630016.000
15231702775764446.000
8123213543652267.000
4772914792170722.000
6402665575814072.000
8559714616992461.000
6743933541565758.000
4023520368179404.500
3441363664826720.500
3679006051185351.000
3842342622235507.000
4154760108070940.000
4349757837564905.500
4096319164965412.500
6151858270647821.000
14424105068070292.000
11086131944869368.000
5947568125543052.000
14337135288097494.000
20440288798500084.000
26856325192459912.000
15466513948440514.000
13264856886460060.000
6538720023633370.000
8467318976645637.000
12756900643849686.000
18887761894232864.000
25821873365814956.000
13341162851241368.000
15773169442580884.000
20123541922710640.000
25209665591730984.000
25181627982525776.000
22186650986409652.000
48626831226214216.000
44481476334129112.000
22203364286910088.000
12508362632967950.000
11551649111358968.000
7144416325014755.000
15971989545145710.000
18692008912671988.000
28538370347798084.000
21122978729626484.000
23700083587891064.000
11661137539527234.000
6663786527165707.000
7704442488271362.000
4713718092964058.000
2670509694076294.000
4236464715678452.000
2642308663243344.000
2505786863851136.500
1483596102362324.250
1375752963410332.500
2101593072033435.750
1103490869074136.125
1472684134423498.750
1189151508836960.750
1403072837785788.500
1249453634873737.250
1092823406959730.875
1240443929612203.500
1004259922335665.625
577561953668525.000
733934432476374.875
725330787207577.500
1090644718617048.875
1188896332840491.000
651143591104187.000
351380038418120.000
403693836991093.938
441486913305794.062
261320261701584.438
338422815584826.188
216032220691229.438
124518692340086.109
110442589124793.938
105781217955276.594
66630651704797.219
35226978933616.258
75800124737345.547
55896189583452.508
67723763061359.070
80195765658038.250
78179640157076.266
39557985551239.938
31875792523037.742
16717353508581.416
20389484264435.109
10703339821940.922
22604758379089.902
11631195254153.037
10761718705156.541
11940603390948.139
13857391589429.770
11201310225634.809
23505791762452.375
17541504289873.010
16271748758021.010
19420316305132.363
40949893592876.984
53251383657065.305
54445257093079.383
31701414984419.766
42325610021717.445
22743250223737.715
35545496362332.047
29211730353214.852
64549221694110.266
138373648871899.594
216106645810909.750
305449008761181.562
748954634671871.625
400192256683185.375
330355416509734.062
171154388673616.562
382525462323696.312
202465201048233.062
170947386702653.781
109509983406533.062
108143671037663.625
125153307547858.172
111211226994770.672
143698513291409.438
80461392014129.203
54358278865100.273
75856688482709.750
120331266491730.719
64807887701385.000
37035949743350.047
19525357402422.180
18885226422171.961
42998631624203.180
23197718092249.973
21442890167643.609
31295062582508.125
79049642843126.516
116056504392767.297
116741637841292.062
61789877417750.766
35123967240824.785
17486700879112.615
10791064163428.145
9498136485877.324
23782892260201.637
30977632946204.367
43184541632490.273
64388204571744.102
61239357280367.523
36011038599230.125
74336374941880.297
95304415129661.516
226607062774928.312
308727456254167.812
425660771000666.125
387114193500255.625
225330027590988.938
110470957736045.203
139526799191929.797
141874543353577.250
182131127491863.250
394505528026915.188
198113918829182.188
434414989610915.812
367388329036617.625
774837369550970.250
453419223505227.625
601867793027178.625
615543448611835.875
1477916415085230.500
761091003895648.875
1062284111339574.625
2286308842974988.500
1975905070774198.500
2173097859039631.750
2329297149588282.000
3301821591726863.000
7379670741161015.000
8020657635526885.000
7717062847528782.000
4681295904005466.000
4031482463935847.000
4694069963139976.000
3474535375331806.000
7876736038516688.000
7752744424103401.000
3851292683063275.500
4081921654233823.500
4762286374334005.000
4322005169315888.000
2458228858279570.500
2302339926187254.000
2124360558661285.000
4527149520964326.000
3647715952593832.500
4199728717946411.000
2574159048822609.000
1457815849081870.000
1301870832140377.750
644708886400658.500
756573353490094.875
661525276674160.125
1380792053992802.250
1520080807285847.250
795464991152128.750
788777212364441.625
468213593527258.562
361346761914464.500
417820034530871.562
251533362129765.812
170637852426217.031
199277185725304.750
107211869926305.859
114339370643664.109
70919237138045.281
71593121067683.078
62637369468617.266
68339909412295.852
41035925136006.773
37950295866708.141
35068166694242.523
41334531444751.547
36528853287579.648
19063055202462.242
21343142827494.402
18361384028042.867
9066201853396.711
12760090768320.402
12514450035796.912
12899864132166.025
12346779741122.928
16655262804106.924
20113916598514.969
22196207542259.879
24104129686568.680
12995407597242.555
6645423893635.655
3599945949715.472
7554166682698.751
10190046597225.070
9261931880968.250
24680232041959.395
30324230295776.598
80149407753278.109
55261824529811.039
80184256282983.781
44095071532236.977
31339554979030.590
35848529277124.727
32263264952995.516
16778142027906.213
9982331065488.229
13262676413744.004
7132021672746.627
3562348445499.117
3328140549388.946
7042525826845.097
9428017612186.156
5686017740165.654
6017944969441.229
7869023918951.570
7035601777360.591
7100333015775.946
4404364827884.931
3476165729445.054
2933990791259.184
6518616412583.027
3530240724139.497
3112173373750.631
3735745326753.994
3763007119916.318
1978757073271.041
1676142750333.795
2355576933854.570
2167764725606.545
2262617506779.203
1277773050190.728
666464887608.882
1041994774877.979
2143067424778.195
3316948598667.282
1821272617241.605
2094669690394.421
1079217542356.320
529194975883.220
1241129683692.287
1381291716365.267
1718629484948.893
2451680982358.843
3141333100769.928
3438428255365.174
3147261459270.259
3457353490816.792
4598508532176.209
2323872855745.894
1243745899224.330
2534345085387.665
3380978415468.561
3591867481436.753
3626634070387.291
4572174521467.529
3591245877852.736
4261917265324.786
6235911617808.144
6423459390410.063
14938442019618.178
14677810356991.637
11979529230948.111
15199024833535.938
14657646782252.053
12711546192765.662
6648733159607.062
14472393129432.441
21241235284635.324
45822105220795.539
72599458955011.234
42333853219628.469
38971299202474.398
36454226086598.648
34945877485727.453
37349359607816.719
48581882409628.984
45575185460566.258
42436012769275.898
39126953410073.438
22306758890008.301
45884245646872.500
23992911586808.438
48428605659625.633
70925918562706.172
163730133741933.750
93057449399734.406
74432980431616.219
151753523150010.188
211800539693438.594
458589113776834.125
459668777752363.562
452924860324887.688
401034171161875.188
217488276102495.625
461629097376063.000
235897222950310.094
285298913754315.562
155489552592179.219
121404409284529.422
72351083992770.250
67328284363797.492
88161586377367.594
90245355469351.234
131593640202816.891
130386674340515.625
130918026784100.016
69362359315662.898
160146766403172.750
152871093868939.781
163915568840173.281
95606163059880.422
69302093140451.141
158192524729415.031
234440109140999.750
123872520828263.156
160334610589059.500
156721659140035.844
247276807452881.562
127119931448862.891
74052010472581.781
89007379496500.297
93883727578623.719
92944977870957.656
72986081735978.578
153603648260637.062
228027349240445.406
264898008143103.312
230330440245673.469
245651911885822.406
503272898874783.312
1016374931254510.500
1028394698596392.000
921723783129706.125
562620017089458.812
488912011366159.750
529718582386289.625
307302293028133.500
477309605312279.312
442168183435354.125
540513763392041.562
829967031325101.000
472976175822362.062
248149133283946.906
143518517258903.375
325143849965773.438
320787186217425.562
457339090077788.125
540378534309621.000
864940344745214.000
856869074170958.375
1006264367650492.250
567358477756396.750
578982040076422.250
802701811055986.000
929025374488314.375
495724600549110.188
273638115854469.188
244873975651125.156
257322905047676.375
319237524857304.688
329384889868564.750
248326539994005.625
151359354019670.500
144772806880072.094
176686612605485.312
287705571394809.625
157619534473136.375
92594092913608.359
52262522151871.172
57711918027034.117
95074550944988.422
94341947364523.078
87533029608073.047
141719615778283.812
146025125095354.531
177853287007022.062
168072899671735.812
336034333120689.000
537069044329625.125
1102110748313058.250
982858564130763.125
1579705083224533.500
2014076837701519.250
1741789781734476.750
1946069499154566.000
2821942404265418.500
1617439514678908.500
977524428597735.250
525176667732100.312
296806102497626.000
595716970667173.500
889612221834803.875
1099753767346931.625
1683839600674027.000
1866748049877146.500
2921172675594761.000
1649881244234958.750
3593607706345480.000
2766986623751740.500
6012261364100010.000
6268620092254682.000
3210327310419423.500
4932188589084539.000
2764253853700761.500
5772981058890143.000
5955954902947428.000
6310549756784041.000
3342146666827860.000
5361420346658708.000
5391769116234417.000
5083235994072552.000
6075707986812030.000
5035541150380713.000
5974186191931410.000
5724679690912542.000
3346807297000799.000
6637057710280393.000
4996672115700663.000
5024276057690142.000
5092855723627959.000
6549221997429034.000
6238139417588577.000
9785657688508442.000
5915869494103212.000
5359407515227043.000
6439801954099734.000
5903550547989432.000
5175403332778914.000
11845218550734484.000
6560289674818950.000
3584213847163403.000
3397874661307763.500
1782699382616079.750
3552687405870086.000
1985844482176036.500
3071798807988245.000
6277851108068771.000
3383794133144195.500
3116946827146000.500
2769164864822123.500
1670574238926148.750
1697744765299196.500
1805893337111158.000
1768130644050133.250
1934579049949583.750
2958033842805462.500
1783646485813501.000
1586546722448790.000
1962970526378147.500
3106025253482701.500
1808259598027032.750
2756132836206303.500
5998194058406612.000
3600033532471821.000
1896248379250008.750
1815745310496371.500
1837734060406548.750
954234690065918.500
940327504601523.250
1055489284583508.375
1586215144513213.500
949440564154114.375
2018763136102739.250
1882658807501133.500
1083972057475108.750
977626157225882.500
953750602195854.625
903321638525974.000
966039916198754.375
525511649178359.438
319354710668901.375
335425057615126.562
336760951695012.750
282561912795966.250
581175992552301.625
502325280964903.938
547797543018027.312
307512262565911.625
171800144329863.906
97766967506044.266
81716853821797.109
46804760563207.641
27756549013865.641
16161279870918.600
8320005486662.581
5056183946402.531
4946305065365.352
9931011542804.381
10325822901373.936
9562084907279.504
8237097821320.679
9894600242548.428
8595022452694.367
9500360500508.229
7690111041250.217
8904735515495.295
8554718240607.693
4893382745821.317
2867394152940.665
1681359673265.198
1685067422088.075
2530670977742.384
2928006984448.341
4379268716165.000
5454403857448.622
5714622701683.029
7895712706771.875
18629904245668.512
16577189606153.715
27054950215559.840
27581307157354.207
33002506412189.129
28799341470382.457
32174499384597.473
48663643691582.070
52684371665738.391
28040156711388.305
16311685737483.676
15416602285428.924
14369098923278.400
7960996660333.047
17960826732047.410
9707907151365.930
14793801952125.047
8781416445573.329
4942112185845.831
2946941296948.468
1667155745966.838
856499802799.793
892907109359.095
896635699923.775
849918744293.750
861593453480.241
456697266849.122
740056848087.032
964076790445.489
524426145465.991
500303771197.468
502741313224.212
274412918601.636
446646927405.180
410776207887.297
884800557988.005
1439081466297.416
1601166575602.874
1746311949830.612
1713655758354.338
875884088215.504
449667516497.888
495644654281.361
518668805626.929
472444293403.275
517906665631.791
784120267097.864
778124519969.740
1733278951608.471
1611597496686.401
1508776954252.471
1490037810564.026
831264015041.677
464504631320.929
488848578913.215
278942741252.336
290766521485.116
405211796609.940
244897582682.900
542328958437.033
509407739953.327
769295606239.833
830167032224.994
783662292623.527
1730378774080.458
1686484267867.092
958047532144.720
848188660677.099
939728414046.969
921210799943.070
1331731228237.795
2883133355307.208
3070389832455.574
2383162887870.231
5543312811212.819
8163752565961.245
8121110305378.577
8633748166138.615
17559136531910.570
25588943042757.895
14368203987318.180
30810989969162.145
32821432315398.062
28331389955688.418
14956725922736.377
17178247246667.865
10269839943118.119
5759612274036.641
4824578589981.999
4752755576771.409
